21877
21878
21879
21880
21881
21882
21883
21884
21885
21886
21887
21888
21889
21890
21891
21892
21893
21894
21895
21896
21897
21898
21899
21900
21901
21902
21903
21904
21905
21906
21907
21908
21910
21911
21912
21913
21914
21915
21916
21917
21918
21919
21920
21921
21922
21923
21924
21925
21926
21927
21928
21929
21930
21931
21932
21933
21934
21935
21936
21937
21938
21939
21940
21941
21942
21943
21944
21945
21946
21947
21948
21949
21950
21951
21952
21953
21954
21955
21956
21957
21958
21959
21960
21961
21962
21963
21964
21965
21966
21967
21968
21969
21970
21971
21972
21973
21974
21975
21976
21977
21978
21979
21980
21981
21982
21983
21984
21985
21987
21988
21989
21990
21991
21992
21993
21994
21995
21996
21997
21998
21999
22000
22001
22002
22003
22004
22005
22006
22007
22008
22009
22010
22011
22012
22013
22014
22015
22016
22017
22018
22019
22020
22021
22022
22023
22024
22025
22026
22027
22028
22029
22031
22032
22033
22034
22035
22036
22037
22038
22039
22040
22041
22042
22043
22044
22045
22046
22047
22048
22049
22050
22051
22052
22053
22054
22055
22056
22057
22058
22059
22060
22061
22062
22063
22064
22065
22066
22067
22068
22069
22070
22071
22072
22073
22074
22075
22076
22077
22078
22079
22080
22081
22082
22083
22084
22085
22086
22088
22089
22090
22091
22092
22093
22094
22095
22096
22097
22098
22099
22100
22101
22102
22103
22104
22105
22106
22107
22108
22109
22110
22111
22112
22113
22114
22116
22117
22118
22119
22120
22121
22122
22124
22125
22126
22127
22128
22129
22130
22131
22132
22134
22135
22136
22137
22139
22140
22141
22142
22143
22144
22145
22146
22147
22148
22149
22150
22151
22152
22153
22154
22155
22156
22157
22158
22159
22160
22161
22162
22163
22164
22165
22166
22167
22168
22169
22170
22171
22172
22173
22174
22175
22176
22177
22178
22179
22180
22181
22182
22183
22184
22185
22186
22187
22188
22189
22190
22191
22192
22193
22194
22195
22196
22197
22198
22199
22200
22201
22202
22203
22204
22205
22206
22207
22208
22209
22210
22211
22212
22213
22214
22215
22216
22217
22218
22219
22220
22221
22222
22223
22224
22225
22226
22227
22228
22229
22230
22231
22232
22233
22234
22235
22236
22237
22238
22239
22240
22241
22242
22243
22244
22245
22246
22247
22248
22249
22250
22251
22252
22253
22254
22255
22256
22257
22258
22259
22260
22261
22262
22263
22264
22265
22266
22267
22268
22270
22271
22272
22273
22274
22275
22276
22277
22278
22279
22280
22281
22282
22283
22284
22285
22286
22287
22288
22289
22290
22291
22292
22293
22294
22295
22297
22299
22300
22301
22302
22303
22305
22306
22307
22308
22309
22310
22311
22312
22313
22314
22315
22316
22317
22318
22319
22320
22321
22322
22323
22324
22325
22326
22327
22328
22329
22330
22331
22332
22333
22334
22335
22336
22337
22338
22339
22340
22341
22342
22343
22344
22345
22346
22347
22348
22349
22350
22351
22352
22353
22354
22355
22356
22357
22358
22359
22360
22361
22362
22363
22364
22365
22366
22367
22368
22369
22370
22371
22372
22373
22374
22375
22376
22377
22378
22379
22380
22381
22382
22383
22384
22385
22386
22387
22388
22389
22390
22391
22392
22393
22394
22395
22396
22397
22398
22399
22400
22401
22402
22403
22404
22406
22407
22408
22409
22410
22411
22412
22413
22414
22415
22416
22417
22418
22419
22420
22421
22422
22423
22424
22425
22426
22427
22428
22429
22430
22431
22432
22433
22434
22435
22436
22437
22438
22439
22440
22441
22442
22443
22444
22445
22446
22447
22448
22450
22451
22452
22453
22454
22455
22456
22457
22458
22459
22460
22461
22462
22463
22464
22465
22466
22467
22468
22469
22470
22471
22472
22473
22474
22475
22476
22477
22478
22479
22480
22481
22482
22483
22484
22485
22486
22487
22488
22489
22490
22491
22492
22493
22494
22495
22496
22497
22498
22499
22500
22501
22502
22503
22504
22505
22506
22507
22508
22509
22510
22511
22512
22513
22514
22515
22516
22517
22518
22519
22520
22521
22522
22523
22524
22525
22526
22527
22528
22529
22530
22531
22532
22533
22534
22535
22536
22537
22538
22539
22540
22541
22542
22543
22544
22545
22546
22547
22548
22549
22550
22551
22552
22553
22554
22555
22556
22557
22558
22559
22560
22561
22562
22563
22564
22565
22566
22567
22568
22569
22570
22571
22572
22573
22574
22575
22576
22577
22578
22579
22580
22581
22582
22584
22585
22586
22587
22588
22589
22590
22591
22592
22593
22594
22595
22596
22597
22598
22599
22600
22601
22602
22603
22604
22605
22606
22607
22608
22609
22610
22611
22612
22613
22614
22615
22616
22617
22618
22619
22620
22621
22622
22623
22624
22625
22626
22627
22628
22629
22630
22631
22632
22633
22634
22635
22636
22637
22638
22639
22640
22641
22642
22643
22644
22645
22646
22647
22648
22649
22650
22651
22652
22653
22654
22655
22656
22657
22658
22659
22660
22661
22662
22663
22664
22665
22666
22667
22668
22671
22672
22674
22675
22676
22677
22678
22679
22680
22681
22682
22683
22684
22685
22686
22687
22688
22689
22690
22691
22692
22693
22694
22695
22696
22697
22698
22699
22700
22701
22702
22703
22704
22705
22706
22707
22708
22709
22710
22711
22712
22713
22714
22715
22716
22717
22718
22719
22720
22721
22722
22723
22724
22725
22726
22727
22728
22729
22730
22731
22732
22733
22734
22735
22736
22737
22738
22739
22740
22741
22742
22743
22744
22745
22746
22747
22748
22749
22750
22751
22752
22753
22754
22755
22756
22757
22758
22759
22760
22761
22762
22763
22764
22765
22766
22767
22768
22769
22770
22771
22772
22773
22774
22775
22776
22777
22778
22779
22780
22781
22782
22783
22784
22785
22786
22787
22788
22789
22790
22792
22793
22794
22795
22796
22797
22798
22799
22800
22801
22802
22803
22804
22805
22806
22807
22808
22809
22810
22811
22812
22813
22814
22815
22816
22817
22818
22819
22820
22821
22822
22823
22824
22825
22826
22827
22828
22829
22830
22831
22832
22833
22834
22835
22836
22837
22838
22839
22840
22841
22842
22843
22844
22845
22846
22847
22848
22849
22850
22851
22852
22853
22854
22855
22856
22857
22858
22859
22860
22861
22862
22863
22865
22866
22867
22868
22869
22870
22871
22872
22873
22874
22875
22876
22877
22878
22879
22880
22881
22882
22883
22885
22886
22887
22888
22889
22890
22891
22892
22893
22894
22895
22896
22897
22898
22899
22900
22901
22902
22903
22904
22905
22906
22907
22908
22909
22910
22911
22912
22913
22914
22915
22916
22917
22918
22919
22920
22921
22922
22923
22924
22925
22926
22927
22928
22929
22930
22931
22932
22933
22934
22935
22936
22937
22938
22939
22940
22941
22942
22943
22944
22945
22946
22947
22948
22949
22950
22951
22952
22953
22954
22955
22956
22957
22958
22959
22960
22961
22962
22963
22964
22965
22966
22967
22968
22969
22970
22971
22972
22973
22974
22975
22976
22977
22978
22979
22980
22981
22982
22983
22984
22985
22986
22987
22988
22989
22990
22991
22992
22993
22994
22995
22996
22997
22998
22999
23001
23002
23003
23004
23005
23006
23007
23008
23009
23010
23011
23013
23015
23016
23017
23018
23019
23021
23022
23023
23024
23025
23026
23027
23029
23030
23031
23032
23033
23034
23035
23036
23037
23038
23039
23040
23041
23042
23043
23044
23045
23046
23047
23049
23050
23051
23052
23053
23054
23055
23056
23057
23058
23059
23060
23061
23062
23063
23064
23065
23066
23067
23068
23069
23070
23071
23072
23073
23074
23075
23076
23077
23078
23079
23080
23082
23083
23084
23085
23086
23087
23088
23089
23090
23091
23092
23093
23094
23095
23096
23097
23098
23099
23100
23101
23102
23103
23104
23106
23107
23108
23109
23110
23111
23112
23113
23114
23115
23116
23117
23118
23119
23120
23121
23122
23123
23124
23125
23126
23127
23128
23129
23130
23131
23132
23133
23134
23135
23136
23137
23139
23140
23141
23142
23143
23144
23146
23147
23149
23150
23152
23153
23155
23156
23157
23158
23160
23162
23164
23165
23166
23169
23170
23171
23174
23175
23177
23179
23180
23181
23183
23186
23187
23188
23189
23190
23191
23192
23193
23194
23195
23196
23197
23199
23200
23201
23202
23203
23204
23205
23208
23213
23214
23215
23216
23217
23218
23220
23222
23223
23224
23225
23226
23227
23228
23229
23230
23231
23232
23234
23236
23237
23238
23239
23240
23241
23242
23243
23244
23245
23246
23247
23248
23250
23251
23252
23253
23255
23256
23258
23260
23261
23262
23263
23264
23266
23267
23268
23270
23271
23272
23273
23274
23275
23276
23277
23279
23280
23282
23283
23286
23287
23289
23290
23292
23293
23295
23296
23297
23298
23299
23300
23304
23306
23307
23309
23311
23312
23313
23316
23317
23318
23322
23325
23326
23331
23332
23333
23334
23335
23336
23337
23338
23339
23340
23341
23342
23343
23344
23346
23347
23348
23349
23350
23351
23352
23354
23355
23356
23357
23360
23365
23366
23367
23368
23369
23370
23371
23372
23374
23375
23376
23379
23380
23381
23383
23386
23387
23390
23395
23396
23397
23398
23403
23404
23405
23406
23407
23409
23411
23412
23413
23415
23416
23419
23420
23421
23423
23424
23425
23427
23428
23429
23430
23431
23432
23434
23435
23437
23438
23439
23441
23442
23443
23444
23445
23446
23447
23448
23449
23450
23451
23452
23453
23454
23455
23456
23457
23458
23459
23460
23461
23462
23463
23464
23465
23467
23468
23469
23470
23471
23473
23474
23475
23476
23477
23478
23479
23480
23481
23482
23483
23484
23485
23486
23487
23488
23489
23490
23491
23492
23493
23494
23495
23496
23497
23498
23499
23500
23501
23502
23503
23504
23505
23506
23507
23508
23509
23510
23511
23512
23513
23514
23515
23517
23518
23519
23520
23521
23522
23523
23524
23525
23526
23527
23528
23529
23530
23531
23532
23533
23534
23535
23536
23537
23538
23539
23540
23541
23542
23543
23544
23545
23546
23547
23548
23549
23550
23551
23552
23553
23554
23555
23556
23557
23558
23559
23560
23561
23562
23563
23564
23565
23566
23567
23568
23569
23570
23571
23572
23573
23574
23575
23576
23577
23578
23579
23580
23581
23582
23583
23584
23585
23586
23587
23591
23592
23593
23595
23596
23597
23598
23599
23600
23601
23602
23604
23605
23606
23607
23608
23609
23610
23611
23612
23613
23614
23615
23616
23617
23618
23619
23620
23621
23622
23623
23624
23625
23626
23627
23628
23629
23630
23631
23632
23633
23634
23635
23636
23637
23638
23639
23640
23641
23642
23643
23644
23645
23646
23647
23648
23649
23650
23651
23652
23653
23654
23655
23656
23657
23658
23659
23660
23661
23662
23663
23664
23665
23666
23667
23668
23669
23670
23671
23672
23673
23674
23675
23676
23677
23678
23679
23680
23681
23682
23683
23684
23685
23686
23687
23688
23689
23690
23691
23692
23693
23694
23695
23696
23697
23698
23699
23701
23702
23703
23704
23705
23707
23708
23709
23710
23711
23712
23714
23715
23716
23717
23718
23719
23720
23721
23723
23724
23725
23726
23727
23728
23729
23731
23732
23733
23734
23735
23736
23737
23738
23739
23741
23742
23743
23744
23745
23746
23747
23748
23749
23750
23751
23752
23753
23754
23755
23756
23757
23758
23759
23760
23761
23762
23763
23764
23765
23766
23767
23768
23770
23771
23772
23773
23774
23775
23776
23777
23778
23779
23780
23781
23782
23783
23784
23785
23786
23788
23789
23790
23791
23792
23793
23794
23795
23796
23797
23798
23799
23800
23801
23802
23803
23804
23805
23806
23807
23808
23809
23810
23811
23812
23813
23814
23816
23817
23818
23819
23820
23821
23822
23823
23824
23825
23826
23827
23828
23829
23830
23831
23833
23834
23835
23836
23837
23838
23839
23840
23841
23842
23843
23845
23847
23848
23849
23850
23851
23852
23853
23854
23855
23856
23857
23858
23859
23860
23861
23862
23863
23864
23865
23866
23867
23870
23871
23872
23873
23874
23875
23876
23878
23879
23880
23881
23882
23883
23884
23885
23886
23887
23888
23889
23890
23891
23892
23893
23894
23895
23896
23897
23898
23899
23900
23901
23902
23903
23904
23905
23906
23907
23908
23909
23910
23911
23912
23913
23914
23915
23916
23917
23918
23919
23920
23921
23922
23923
23924
23925
23926
23928
23929
23930
23931
23932
23933
23934
23935
23936
23937
23938
23939
23941
23942
23943
23944
23945
23946
23947
23949
23950
23951
23952
23953
23955
23956
23957
23958
23959
23960
23961
23962
23963
23964
23965
23966
23967
23968
23969
23970
23971
23972
23973
23974
23975
23976
23977
23978
23979
23980
23981
23982
23983
23984
23985
23986
23988
23989
23990
23991
23992
23993
23994
23995
23996
23997
23998
23999
24000
24001
24002
24003
24004
24005
24006
24007
24008
24009
24010
24011
24012
24014
24015
24016
24017
24018
24019
24020
24021
24022
24023
24024
24025
24026
24027
24028
24029
24030
24031
24032
24033
24034
24035
24036
24037
24038
24039
24040
24041
24042
24043
24044
24045
24046
24047
24048
24049
24050
24051
24052
24053
24054
24055
24056
24057
24058
24059
24060
24061
24062
24063
24064
24065
24066
24067
24068
24069
24070
24071
24072
24073
24074
24075
24076
24077
24078
24079
24080
24081
24082
24083
24084
24085
24086
24087
24088
24089
24090
24091
24092
24093
24094
24095
24096
24097
24098
24099
24100
24101
24102
24103
24104
24105
24106
24107
24108
24109
24110
24111
24112
24113
24114
24115
24116
24117
24118
24119
24120
24121
24122
24123
24124
24125
24126
24127
24128
24129
24130
24131
24132
24133
24134
24135
24136
24137
24138
24139
24140
24141
24142
24143
24144
24145
24146
24147
24148
24150
24151
24152
24153
24154
24155
24156
24157
24159
24160
24161
24162
24163
24164
24165
24167
24168
24169
24170
24172
24173
24174
24175
24177
24179
24180
24181
24182
24183
24184
24185
24186
24190
24191
24192
24193
24194
24195
24196
24197
24198
24199
24200
24202
24203
24204
24205
24206
24207
24208
24209
24210
24211
24212
24213
24214
24215
24216
24218
24219
24220
24221
24222
24223
24224
24226
24227
24228
24230
24231
24232
24233
24234
24235
24237
24238
24240
24241
24242
24243
24244
24245
24251
24253
24254
24257
24258
24259
24260
24261
24262
24263
24264
24266
24269
24271
24273
24274
24277
24278
24279
24280
24282
24284
24285
24286
24287
24290
24293
24294
24295
24298
24299
24300
24302
24306
24307
24309
24311
24314
24316
24317
24319
24320
24323
24325
24326
24327
24328
24329
24330
24331
24332
24334
24335
24336
24337
24338
24339
24340
24341
24342
24343
24344
24345
24347
24348
24349
24350
24351
24352
24354
24355
24356
24357
24358
24360
24361
24362
24365
24367
24369
24370
24373
24374
24377
24378
24379
24380
24381
24382
24383
24384
24385
24387
24389
24390
24391
24392
24397
24398
24400
24401
24402
24406
24407
24410
24411
24412
24413
24414
24415
24416
24417
24418
24419
24421
24422
24423
24424
24427
24428
24429
24430
24431
24432
24433
24434
24435
24437
24438
24439
24442
24447
24449
24451
24452
24454
24455
24458
24459
24462
24463
24464
24466
24468
24469
24472
24473
24474
24477
24478
24480
24481
24482
24484
24485
24486
24487
24488
24489
24490
24491
24492
24493
24494
24497
24498
24499
24501
24504
24505
24507
24508
24509
24510
24511
24513
24514
24515
24516
24517
24518
24519
24520
24521
24522
24523
24525
24526
24536
24540
24543
24545
24547
24549
24550
24551
24554
24555
24559
24563
24565
24567
24569
24574
24576
24578
24580
24582
24583
24584
24598
24604
24608
24609
24613
24615
24619
24620
24623
24624
24630
24632
24637
24642
24644
24648
24649
24656
24657
24660
24663
24664
24668
24670
24673
24678
24685
24687
24689
24693
24694
24695
24698
24699
24703
24705
24706
24707
24708
24709
24714
24717
24718
24719
24721
24725
24727
24729
24734
24735
24736
24742
24743
24748
24749
24753
24754
24756
24758
24761
24766
24769
24770
24771
24772
24773
24774
24775
24778
24780
24781
24782
24783
24784
24786
24788
24789
24798
24804
24809
24812
24819
24822
24823
24829
24845
24847
24848
24851
24852
24858
24861
24863
24874
24877
24882
24891
24898
24904
24905
24915
24917
24920
24924
24925
24941
24942
24944
24946
24949
24951
24957
24968
24969
24972
24976
24984
24991
24994
25000
25001
25003
25004
25005
25009
25010
25011
25013
25016
25020
25025
25032
25034
25036
25043
25046
25055
25068
25076
25083
25091
25097
25102
25104
25113
25123
25124
25126
25129
25130
25132
25133
25134
25136
25142
25149
25171
25173
25181
25183
25184
25185
25186
25188
25189
25190
25191
25196
25199
25202
25209
25210
25211
25218
25221
25223
25224
25226
25228
25229
25230
25231
25232
25235
25239
25240
25241
25242
25243
25246
25249
25250
25253
25255
25257
25259
25260
25263
25264
25265
25267
25268
25269
25270
25271
25272
25277
25278
25279
25280
25282
25283
25289
25290
25292
25295
25296
25297
25299
25300
25302
25304
25306
25307
25308
25309
25310
25311
25312
25313
25314
25315
25316
25317
25318
25319
25320
25321
25322
25323
25324
25325
25326
25327
25328
25329
25330
25333
25335
25336
25337
25338
25341
25342
25344
25345
25347
25348
25350
25353
25354
25355
25357
25359
25360
25361
25362
25363
25364
25365
25366
25367
25370
25371
25372
25373
25374
25375
25376
25377
25378
25379
25380
25381
25382
25383
25384
25385
25386
25387
25388
25389
25390
25391
25392
25393
25394
25395
25396
25398
25399
25400
25401
25402
25403
25404
25405
25406
25407
25408
25409
25410
25412
25414
25415
25416
25417
25418
25419
25420
25421
25422
25423
25424
25426
25427
25428
25429
25431
25432
25433
25434
25435
25436
25437
25438
25439
25440
25441
25442
25443
25444
25445
25446
25448
25449
25450
25451
25454
25455
25456
25459
25460
25462
25465
25466
25467
25468
25469
25471
25473
25474
25475
25476
25477
25478
25479
25480
25481
25482
25483
25484
25485
25486
25487
25488
25489
25490
25491
25492
25493
25494
25495
25496
25497
25498
25499
25500
25501
25502
25503
25504
25505
25506
25507
25508
25509
25510
25511
25512
25513
25514
25515
25516
25518
25519
25521
25522
25523
25526
25528
25529
25530
25531
25532
25533
25534
25535
25536
25537
25538
25539
25540
25541
25542
25543
25544
25545
25546
25547
25548
25549
25550
25551
25553
25554
25555
25556
25557
25558
25559
25560
25561
25562
25564
25565
25566
25567
25568
25569
25570
25571
25572
25574
25576
25579
25580
25582
25583
25584
25587
25588
25589
25590
25591
25593
25594
25596
25597
25598
25599
25601
25602
25603
25604
25605
25606
25608
25609
25610
25611
25612
25613
25614
25616
25617
25618
25620
25621
25624
25625
25627
25629
25630
25631
25632
25637
25638
25639
25640
25641
25642
25643
25644
25646
25647
25648
25649
25650
25651
25652
25653
25654
25655
25656
25657
25658
25659
25660
25661
25662
25663
25664
25665
25666
25667
25668
25669
25670
25671
25672
25673
25674
25675
25678
25679
25681
25683
25684
25686
25687
25688
25690
25693
25694
25695
25697
25698
25699
25700
25701
25702
25703
25704
25705
25706
25707
25708
25709
25710
25711
25712
25713
25714
25715
25716
25717
25718
25719
25720
25721
25722
25723
25724
25725
25727
25728
25729
25731
25733
25735
25736
25737
25739
25742
25743
25744
25745
25747
25748
25749
25750
25751
25752
25753
25755
25756
25757
25758
25759
25760
25761
25762
25764
25765
25766
25767
25768
25769
25771
25778
25780
25781
25783
25791
25792
25796
25798
25803
25804
25807
25808
25810
25819
25830
25835
25845
25849
25853
25868
25880
25882
25891
25892
25894
25896
25899
25900
25903
25905
25906
25907
25908
25911
25918
25919
25920
25923
25927
25928
25931
25932
25936
25939
25940
25941
25947
25948
25951
25952
25953
25957
25958
25959
25960
25963
25964
25965
25966
25967
25971
25972
25973
25976
25977
25978
25979
25980
25983
25985
25988
25989
25991
25992
25996
25997
25998
25999
26000
26001
26002
26004
26005
26006
26008
26009
26011
26013
26014
26016
26017
26019
26021
26022
26023
26025
26026
26027
26029
26031
26033
26034
26036
26038
26040
26041
26042
26044
26046
26047
26049
26051
26052
26053
26054
26057
26058
26060
26062
26063
26064
26066
26068
26069
26072
26073
26076
26077
26079
26080
26082
26083
26084
26085
26086
26088
26089
26090
26092
26093
26094
26096
26097
26098
26099
26101
26102
26103
26106
26108
26112
26113
26115
26117
26118
26119
26120
26123
26125
26128
26129
26130
26131
26132
26133
26134
26135
26136
26138
26143
26144
26146
26147
26149
26150
26151
26152
26154
26155
26157
26158
26159
26161
26163
26164
26165
26166
26168
26169
26170
26172
26201
26248
26257
26258
26259
26269
26271
26273
26281
26286
26289
26291
26326
26332
26336
26337
26352
26353
26354
26363
26373
26376
26380
26390
26394
26404
26412
26413
26415
26417
26433
26436
26437
26439
26443
26454
26463
26465
26467
26468
26482
26483
26490
26494
26500
26503
26511
26513
26514
26516
26519
26523
26526
26530
26531
26532
26534
26545
26551
26552
26564
26568
26569
26570
26572
26590
26596
26611
26614
26615
26620
26621
26633
26634
26637
26641
26643
26650
26652
26653
26654
26658
26660
26673
26674
26677
26679
26682
26686
26691
26692
26695
26696
26699
26717
26719
26721
26723
26727
26738
26748
26751
26759
26763
26767
26776
26779
26782
26785
26792
26795
26796
26798
26800
26801
26802
26804
26805
26807
26808
26809
26811
26813
26814
26815
26816
26817
26818
26820
26823
26825
26826
26827
26828
26829
26831
26834
26835
26836
26837
26838
26839
26840
26841
26842
26843
26844
26845
26846
26847
26848
26849
26850
26851
26852
26853
26854
26855
26856
26857
26858
26861
26862
26873
26874
26875
26878
26879
26880
26881
26882
26883
26884
26885
26886
26887
26888
26889
26890
26891
26892
26893
26894
26895
26896
26897
26898
26900
26902
26907
26908
26909
26912
26913
26915
26920
26921
26922
26924
26925
26929
26930
26931
26933
26934
26935
26936
26937
26938
26939
26940
26941
26942
26943
26944
26945
26946
26947
26948
26949
26950
26952
26953
26955
26956
26957
26958
26959
26961
26962
26963
26964
26969
26970
26971
26974
26975
26977
26978
26979
26980
26983
26984
26985
26986
26988
26990
26991
26992
26993
26994
26995
26996
26997
26998
26999
27000
27001
27002
27003
27004
27005
27006
27007
27008
27009
27010
27011
27013
27015
27016
27017
27021
27025
27026
27027
27028
27030
27031
27033
27034
27035
27036
27037
27038
27039
27040
27041
27042
27043
27044
27045
27046
27047
27048
27050
27051
27052
27054
27055
27057
27060
27062
27063
27064
27065
27068
27074
27079
27085
27086
27087
27090
27091
27092
27094
27095
27096
27097
27098
27099
27100
27101
27103
27104
27106
27108
27109
27132
27135
27138
27140
27141
27143
27147
27149
27151
27154
27156
27164
27166
27170
27175
27182
27184
27185
27186
27193
27196
27197
27199
27200
27201
27203
27204
27205
27208
27214
27220
27223
27233
27234
27235
27237
27239
27251
27255
27256
27258
27263
27275
27286
27288
27289
27290
27291
27293
27296
27305
27311
27314
27323
27324
27325
27328
27330
27332
27335
27338
27342
27346
27347
27348
27349
27357
27362
27365
27366
27367
27368
27369
27370
27371
27372
27373
27374
27375
27376
27377
27378
27379
27380
27381
27382
27383
27384
27385
27386
27387
27388
27389
27391
27392
27393
27394
27395
27396
27398
27399
27400
27401
27402
27403
27404
27405
27406
27407
27408
27409
27410
27411
27412
27413
27414
27415
27416
27417
27418
27419
27420
27421
27423
27425
27426
27427
27428
27429
27430
27431
27432
27433
27434
27435
27436
27437
27438
27439
27440
27441
27442
27443
27444
27445
27446
27447
27448
27449
27450
27451
27452
27453
27454
27455
27457
27458
27459
27460
27461
27462
27463
27464
27465
27466
27467
27468
27469
27470
27471
27472
27473
27474
27475
27476
27477
27478
27479
27480
27481
27482
27483
27484
27485
27486
27487
27488
27489
27490
27491
27492
27493
27495
27496
27497
27498
27499
27500
27501
27502
27503
27504
27505
27508
27518
27520
27524
27525
27527
27528
27531
27533
27536
27539
27542
27549
27553
27556
27558
27559
27561
27565
27568
27574
27576
27579
27581
27585
27587
27590
27592
27595
27599
27602
27603
27604
27605
27606
27607
27608
27609
27610
27611
27612
27613
27615
27616
27619
27620
27621
27623
27624
27625
27627
27628
27629
27630
27631
27632
27633
27634
27635
27636
27637
27638
27639
27640
27641
27642
27643
27644
27645
27646
27647
27648
27649
27650
27651
27652
27653
27654
27655
27656
27657
27658
27659
27660
27661
27662
27663
27664
27665
27666
27667
27668
27669
27670
27673
27674
27675
27676
27677
27678
27679
27680
27681
27682
27683
27684
27685
27686
27687
27688
27689
27690
27691
27692
27693
27694
27695
27696
27697
27698
27699
27700
27701
27702
27703
27704
27705
27706
27707
27708
27709
27710
27711
27712
27713
27714
27715
27716
27719
27720
27721
27722
27723
27724
27725
27726
27727
27728
27729
27731
27732
27733
27734
27735
27736
27737
27738
27739
27740
27742
27743
27744
27745
27746
27747
27748
27749
27750
27751
27752
27753
27754
27755
27756
27757
27758
27759
27760
27761
27762
27763
27764
27765
27766
27767
27768
27769
27770
27771
27772
27773
27774
27775
27776
27777
27778
27779
27780
27781
27782
27783
27784
27785
27786
27787
27788
27789
27790
27791
27792
27793
27794
27795
27796
27797
27798
27799
27800
27801
27802
27803
27804
27805
27806
27807
27808
27809
27810
27811
27812
27813
27814
27815
27816
27817
27818
27819
27820
27821
27822
27823
27824
27825
27826
27827
27828
27829
27830
27831
27832
27833
27834
27835
27836
27837
27838
27839
27840
27841
27842
27843
27844
27845
27846
27847
27848
27849
27850
27851
27852
27853
27855
27856
27857
27858
27859
27860
27861
27862
27863
27864
27865
27866
27867
27868
27869
27870
27871
27872
27873
27874
27875
27876
27877
27878
27879
27880
27881
27882
27883
27884
27886
27887
27888
27889
27890
27891
27893
27895
27896
27897
27898
27899
27900
27902
27903
27904
27905
27906
27907
27908
27909
27910
27911
27912
27913
27914
27915
27917
27918
27919
27920
27922
27923
27924
27926
27927
27928
27929
27930
27931
27932
27933
27934
27935
27936
27937
27938
27939
27940
27941
27942
27943
27944
27946
27947
27948
27949
27950
27951
27952
27953
27954
27955
27957
27960
27962
27963
27964
27965
27966
27967
27968
27969
27970
27971
27972
27973
27975
27976
27977
27978
27979
27980
27981
27982
27983
27984
27985
27986
27991
27994
27995
27998
27999
28000
28001
28002
28003
28004
28005
28006
28007
28008
28009
28010
28011
28012
28013
28014
28015
28016
28017
28018
28019
28020
28021
28022
28023
28024
28028
28029
28031
28032
28033
28035
28037
28039
28042
28045
28047
28048
28051
28052
28055
28056
28057
28063
28064
28066
28067
28069
28070
28075
28077
28079
28080
28082
28085
28086
28088
28089
28090
28091
28092
28093
28094
28095
28096
28097
28107
28109
28110
28111
28113
28114
28115
28116
28118
28120
28121
28124
28126
28128
28133
28136
28137
28138
28140
28144
28150
28157
28158
28160
28162
28163
28164
28166
28169
28170
28172
28176
28184
28185
28189
28194
28201
28202
28205
28212
28221
28230
28232
28234
28235
28243
28246
28251
28255
28257
28259
28267
28271
28283
28284
28287
28298
28302
28319
28320
28325
28332
28335
28339
28343
28348
28354
28355
28382
28385
28389
28391
28393
28404
28405
28414
28418
28425
28438
28450
28455
28456
28457
28461
28462
28467
28477
28478
28482
28484
28492
28496
28498
28504
28511
28520
28525
28526
28528
28529
28530
28532
28533
28535
28536
28539
28540
28541
28542
28544
28545
28546
28547
28548
28549
28550
28551
28552
28553
28554
28556
28557
28559
28561
28562
28563
28564
28565
28567
28568
28569
28570
28572
28573
28575
28576
28577
28579
28580
28583
28584
28587
28588
28589
28593
28595
28597
28598
28600
28603
28604
28607
28608
28609
28610
28611
28612
28613
28617
28620
28621
28623
28625
28626
28628
28629
28630
28632
28633
28634
28636
28637
28640
28643
28644
28646
28647
28648
28649
28650
28651
28653
28655
28656
28657
28658
28661
28663
28664
28667
28668
28670
28671
28672
28673
28678
28686
28690
28691
28696
28699
28701
28703
28714
28722
28723
28735
28741
28747
28760
28773
28779
28786
28789
28790
28792
28798
28799
28800
28801
28804
28814
28819
28821
28824
28832
28834
28835
28837
28839
28841
28846
28848
28850
28853
28856
28857
28860
28861
28862
28863
28865
28866
28868
28870
28872
28873
28874
28876
28878
28880
28881
28882
28884
28886
28888
28889
28890
28892
28895
28896
28899
28900
28902
28905
28912
28914
28915
28916
28918
28921
28924
28925
28926
28928
28929
28931
28932
28933
28936
28937
28939
28940
28942
28944
28945
28948
28950
28952
28956
28958
28959
28967
28968
28969
28974
28979
28984
28986
28987
28989
28994
28999
29001
29002
29004
29005
29006
29008
29009
29010
29011
29013
29015
29016
29017
29018
29019
29020
29021
29022
29023
29024
29025
29027
29033
29034
29035
29043
29044
29045
29046
29047
29048
29050
29054
29060
29063
29065
29066
29069
29071
29078
29079
29080
29081
29082
29083
29084
29085
29086
29087
29088
29089
29090
29091
29092
29093
29094
29095
29096
29097
29098
29099
29100
29101
29102
29103
29104
29105
29106
29107
29108
29109
29110
29111
29112
29113
29114
29115
29116
29117
29118
29119
29120
29121
29122
29123
29124
29125
29126
29127
29128
29129
29130
29131
29132
29133
29134
29135
29136
29137
29138
29139
29140
29141
29142
29143
29144
29145
29146
29147
29148
29149
29150
29151
29152
29153
29154
29155
29156
29157
29158
29159
29160
29161
29162
29163
29164
29165
29166
29167
29168
29169
29170
29171
29172
29173
29174
29175
29176
29178
29179
29180
29181
29182
29183
29184
29185
29186
29187
29188
29189
29190
29191
29192
29193
29194
29195
29196
29197
29198
29199
29200
29201
29202
29203
29204
29205
29206
29207
29208
29209
29210
29211
29212
29213
29215
